457
463
468
454
422
403
405
426
432
435
438
443
445
446
421
395
369
369
364
359
354
369
410
443
486
510
552
599
642
685
705
727
719
702
681
687
691
694
686
686
708
734
756
773
790
805
804
803
807
795
783
771
776
777
770
751
738
757
790
832
871
906
949
977
1011
1028
1044
1050
1058
1061
1064
1063
1079
1097
1113
1106
1103
1103
1112
1114
1076
1031
1001
1012
1030
1038
1044
1047
1050
1067
1075
1094
1097
1109
1106
1105
1104
1108
1122
1133
1147
1144
1158
1168
1182
1194
1188
1195
1178
1185
1171
1169
1163
1176
1195
1213
1227
1236
1244
1248
1249
1250
1249
1257
1265
1275
1278
1287
1296
1303
1305
1303
1299
1294
1295
1300
1305
1308
1325
1345
1367
1377
1384
1400
1415
1431
1456
1476
1495
1496
1506
1530
1546
1548
1545
1569
1602
1623
1633
1649
1660
1661
1656
1669
1686
1708
1725
1743
1757
1767
1776
1797
1823
1848
1856
1853
1847
1849
1875
1914
1963
1993
2025
2041
2057
2061
2067
2081
2097
2128
2149
2163
2166
2171
2187
2200
2228
2253
2274
2277
2281
2295
2328
2360
2385
2392
2393
2391
2383
2379
2381
2389
2399
2407
2417
2444
2461
2487
2492
2526
2545
2565
2571
2615
2657
2687
2695
2705
2743
2772
2812
2847
2881
2890
2885
2887
2901
2925
2944
2962
2973
3003
3034
3063
3105
3146
3181
3209
3238
3274
3277
3279
3274
3247
3225
3221
3245
3258
3256
3258
3266
3275
3278
3278
3277
3287
3300
3312
3316
3338
3360
3379
3398
3422
3461
3482
3502
3516
3539
3558
3572
3600
3628
3654
3657
3661
3667
3657
3656
3656
3693
3721
3742
3742
3721
3702
3669
3665
3692
3734
3786
3811
3828
3820
3812
3811
3812
3820
3834
3855
3839
3820
3800
3809
3828
3834
3839
3831
3835
3824
3813
3799
3764
3732
3726
3756
3792
3812
3835
3855
3874
3887
3906
3929
3963
3995
4009
4023
4039
4064
4077
4062
4035
4010
3997
4009
4025
4043
4050
4072
4104
4139
4130
4123
4113
4144
4188
4217
4236
4236
4248
4256
4260
4277
4289
4305
4311
4323
4333
4339
4362
4383
4407
4417
4428
4469
4533
4603
4656
4677
4695
4700
4719
4735
4742
4744
4762
4772
4800
4811
4837
4841
4853
4857
4854
4862
4877
4900
4902
4915
4941
4970
4980
4976
4971
4972
4973
4992
5014
5048
5064
5077
5103
5129
5157
5160
5168
5180
5190
5193
5183
5175
5182
5203
5224
5234
5244
5266
5287
5299
5300
5305
5308
5314
5319
5327
5342
5354
5377
5396
5414
5420
5419
5414
5413
5425
5453
5481
5491
5497
5505
5518
5518
5518
5521
5537
5551
5562
5562
5564
5566
5569
5575
5591
5595
5595
5585
5597
5623
5652
5673
5691
5718
5726
5730
5727
5745
5756
5762
5788
5809
5830
5829
5834
5847
5861
5878
5889
5912
5936
5945
5942
5953
5980
6010
6050
6089
6130
6166
6196
6223
6230
6249
6269
6307
6347
6371
6367
6355
6352
6375
6397
6423
6428
6434
6420
6416
6420
6457
6484
6519
6551
6583
6602
6610
6618
6622
6623
6644
6666
6682
6685
6696
6717
6718
6710
6703
6713
6714
6702
6687
6685
6688
6690
6687
6688
6680
6672
6657
6652
6649
6658
6671
6682
6692
6704
6737
6768
6786
6778
6774
6792
6845
6896
6931
6938
6947
6957
6963
6938
6913
6885
6885
6884
6891
6900
6902
6907
6909
6916
6913
6912
6913
6909
6920
6949
6977
6986
6942
6914
6889
6903
6917
6931
6942
6950
6959
6964
6962
6954
6951
6952
6980
7003
7024
7023
7023
7028
7032
7038
7042
7049
7029
6998
6984
6999
7036
7053
7068
7071
7074
7103
7132
7162
7179
7200
7207
7198
7209
7227
7252
7253
7265
7271
7266
7259
7254
7263
7269
7285
7299
7314
7313
7316
7324
7345
7350
7350
7341
7335
7339
7343
7352
7360
7361
7365
7361
7382
7409
7431
7444
7452
7441
7424
7429
7456
7480
7482
7497
7515
7535
7567
7610
7650
7650
7631
7612
7610
7610
7612
7612
7625
7642
7661
7670
7675
7687
7701
7726
7744
7772
7799
7826
7850
7878
7910
7935
7940
7932
7921
7917
7921
7962
8001
8070
8113
8160
8206
8238
8261
8254
8259
8268
8295
8326
8367
8383
8393
8396
8406
8417
8407
8397
8379
8387
8396
8408
8412
8440
8487
8537
8543
8540
8549
8544
8518
8482
8481
8482
8476
8480
8478
8497
8504
8528
8517
8506
8498
8506
8518
8526
8532
8560
8589
8618
8619
8618
8614
8632
8652
8695
8719
8734
8771
8805
8858
8874
8896
8906
8915
8911
8908
8908
8922
8902
8908
8913
8964
8989
9022
9045
9061
9067
9070
9076
9078
9078
9080
9085
9084
9053
9030
9022
9044
9055
9055
9053
9069
9115
9160
9155
9114
9073
9066
9062
9072
9091
9117
9129
9130
9128
9131
9137
9151
9164
9176
9154
9128
9094
9093
9114
9141
9168
9171
9169
9184
9213
9265
9297
9318
9318
9325
9321
9323
9312
9311
9315
9329
9350
9363
9363
9385
9394
9418
9415
9424
9429
9435
9452
9461
9468
9474
9493
9509
9518
9524
9530
9544
9553
9571
9579
9589
9592
9602
9610
9627
9644
9661
9667
9668
9656
9653
9650
9660
9667
9671
9675
9701
9723
9755
9761
9771
9788
9790
9807
9810
9829
9852
9872
9895
9903
9912
9940
9991
10045
10083
10093
10104
10109
10120
10138
10165
10191
10228
10242
10260
10267
10287
10298
10305
10313
10319
10306
10292
10270
10270
10257
10241
10214
10191
10213
10241
10284
10318
10346
10368
10372
10386
10406
10443
10470
10485
10488
10491
10501
10526
10536
10546
10537
10552
10572
10590
10599
10626
10654
10671
10685
10702
10730
10739
10744
10743
10745
10745
10761
10773
10791
10799
10812
10806
10805
10796
10807
10813
10821
10824
10828
10855
10900
10962
11003
11012
11008
11028
11050
11068
11064
11086
11110
11128
11141
11153
11170
11189
11227
11274
11320
11370
11414
11445
11455
11460
11468
11472
11476
11491
11507
11533
11558
11578
11585
11594
11601
11608
11601
11600
11597
11599
11601
11591
11565
11541
11539
11567
11593
11611
11573
11540
11502
11498
11487
11495
11508
11521
11545
11564
11585
11581
11588
11562
11552
11536
11565
11581
11597
11609
11622
11636
11644
11663
11692
11724
11745
11741
11700
11657
11629
11634
11650
11669
11690
11703
11707
11715
11725
11745
11756
11783
11798
11823
11832
11857
11862
11872
11873
11889
11895
11901
11914
11928
11942
11939
11935
11933
11940
11947
11968
12005
12036
12058
12063
12074
12063
12055
12058
12096
12116
12128
12133
12158
12170
12171
12164
12164
12174
12183
12219
12246
12292
12314
12331
12333
12336
12341
12355
12376
12411
12436
12485
12525
12569
12589
12610
12635
12650
12668
12673
12686
12705
12749
12785
12798
12786
12774
12770
12782
12803
12820
12828
12841
12846
12883
12908
12979
13039
13112
13151
13163
13153
13143
13166
13225
13285
13317
13317
13320
13327
13325
13319
13284
13249
13221
13217
13210
13194
13180
13185
13192
13197
13203
13219
13235
13256
13252
13248
13229
13248
13267
13291
13292
13290
13290
13285
13291
13300
13323
13348
13362
13367
13395
13438
13458
13450
13435
13428
13417
13408
13418
13423
13428
13435
13450
13463
13500
13533
13579
13601
13623
13632
13638
13650
13666
13679
13711
13734
13748
13737
13729
13748
13779
13810
13825
13828
13802
13776
13756
13784
13830
13870
13896
13902
13906
13907
13941
13989
14038
14054
14058
14055
14052
14045
14045
14040
14042
14043
14051
14066
14085
14102
14107
14108
14138
14208
14271
14302
14301
14308
14305
14294
14282
14284
14300
14322
14349
14362
14372
14380
14388
14400
14415
14422
14420
14411
14415
14410
14405
14408
14418
14426
14425
14449
14511
14571
14616
14627
14636
14642
14640
14636
14633
14637
14646
14649
14651
14688
14730
14772
14772
14766
14760
14761
14766
14769
14761
14748
14742
14753
14765
14773
14785
14806
14826
14838
14851
14859
14833
14801
14774
14776
14784
14792
14807
14815
14837
14841
14856
14877
14920
14952
14964
14969
14978
14987
15011
15031
15057
15074
15096
15109
15118
15124
15135
15159
15221
15304
15383
15426
15449
15457
15455
15450
15447
15453
15463
15474
15472
15481
15490
15512
15511
15532
15550
15589
15606
15625
15631
15672
15715
15758
15761
15764
15800
15850
15908
15943
15968
15985
15992
15993
15992
15981
15980
15977
15987
15998
16009
16017
16030
16045
16044
16033
16028
16036
16051
16048
16055
16052
16059
16059
16060
16035
16026
16019
16036
16025
16017
16031
16058
16089
16104
16120
16129
16139
16147
16158
16177
16199
16209
16229
16252
16282
16307
16335
16391
16445
16491
16512
16517
16522
16531
16543
16557
16568
16576
16575
16569
16563
16566
16574
16552
16527
16503
16496
16494
16489
16500
16506
16510
16517
16513
16534
16551
16581
16589
16600
16611
16599
16589
16587
16607
16620
16619
16624
16629
16639
16647
16658
16664
16673
16689
16707
16718
16742
16751
16755
16737
16742
16743
16743
16757
16780
16821
16863
16896
16905
16919
16925
16939
16925
16914
16908
16904
16914
16918
16923
16933
16907
16896
16870
16875
16872
16879
16890
16885
16894
16905
16943
16975
17026
17056
17079
17091
17118
17151
17174
17187
17177
17170
17170
17186
17213
17231
17253
17261
17274
17299
17328
17352
17353
17350
17359
17375
17396
17424
17457
17487
17499
17504
17509
17510
17529
17544
17551
17540
17533
17536
17549
17581
17621
17655
17675
17684
17692
17691
17693
17694
17717
17734
17760
17764
17791
17805
17816
17813
17815
17822
17826
17836
17836
17832
17821
17823
17838
17853
17867
17872
17877
17878
17881
17907
17956
18012
18037
18038
18028
18029
18033
18035
18038
18037
18042
18051
18067
18075
18078
18068
18088
18120
18168
18197
18212
18233
18256
18278
18289
18293
18293
18268
18243
18219
18221
18234
18250
18259
18261
18270
18281
18277
18263
18252
18249
18259
18260
18259
18248
18269
18296
18338
18359
18373
18352
18333
18321
18327
18340
18352
18375
18407
18440
18468
18477
18507
18540
18576
18587
18581
18571
18581
18601
18635
18672
18709
18724
18736
18743
18759
18759
18765
18771
18785
18801
18819
18848
18876
18904
18916
18927
18937
18959
18980
18999
19000
19002
18995
18994
18989
19009
19025
19039
19035
19036
19047
19063
19079
19094
19087
19071
19076
19105
19122
19145
19178
19228
19247
19252
19256
19258
19257
19242
19237
19236
19249
19254
19243
19235
19225
19233
19239
19233
19221
19209
19212
19235
19257
19278
19284
19305
19310
19312
19300
19308
19344
19393
19442
19481
19509
19534
19543
19554
19545
19531
19512
19519
19529
19540
19544
19552
19559
19568
19580
19590
19600
19603
19606
19610
19617
19654
19691
19727
19745
19769
19791
19815
19831
19855
19876
19896
19918
19935
19958
19971
19994
20026
20069
20100
20128
20168
20191
20228
20240
20250
20234
20227
20225
20223
20215
20219
20227
20235
20239
20237
20204
20188
20187
20214
20226
20227
20255
20297
20346
20368
20390
20385
20393
20394
20399
20394
20388
20396
20417
20443
20464
20477
20486
20511
20527
20539
20537
20538
20544
20559
20574
20595
20601
20609
20598
20598
20596
20603
20586
20567
20546
20550
20549
20557
20602
20654
20694
20684
20684
20688
20696
20696
20704
20720
20734
20739
20742
20745
20761
20777
20793
20792
20791
20800
20805
20829
20863
20911
20945
20980
21015
21048
21088
21123
21131
21111
21094
21101
21117
21152
21187
21219
21228
21235
21251
21273
21308
21333
21352
21360
21363
21378
21396
21390
21374
21364
21380
21397
21401
21420
21432
21435
21427
21449
21496
21537
21572
21596
21628
21630
21655
21667
21690
21714
21762
21827
21891
21918
21934
21927
21938
21942
21954
21946
21932
21898
21885
21894
21921
21963
22007
22063
22107
22146
22168
22202
22212
22203
22189
22186
22198
22199
22201
22214
22227
22234
22232
22228
22233
22238
22245
22248
22254
22226
22198
22165
22148
22136
22126
22134
22141
22159
22170
22185
22190
22222
22246
22266
22266
22268
22291
22322
22351
22362
22366
22373
22374
22359
22305
22257
22233
22245
22264
22293
22322
22344
22347
22351
22364
22354
22373
22403
22475
22533
22571
22602
22615
22628
22643
22661
22684
22710
22738
22761
22763
22762
22759
22769
22794
22824
22843
22847
22836
22828
22839
22882
22942
22985
23016
23029
23044
23060
23085
23125
23181
23233
23247
15496
